geolocation: Slovakia
lastAccountName: DerPanzer
timestamps:
  login: 1564177522332
  lastteleport: 1564178107562
  logout: 1564178285272
ipAddress: 195.3.171.81
lastlocation:
  world: Survival
  x: 1198.477319367748
  y: 81.0
  z: 1547.7926719415384
  yaw: 200.54022
  pitch: 9.063953
homes:
  s:
    world: Survival
    x: 1400.6709051154528
    y: 80.99422939612222
    z: 580.2131523289889
    yaw: 101.633934
    pitch: 53.395966
  home:
    world: Survival
    x: 1388.4620186252314
    y: 66.0
    z: 576.2056091844491
    yaw: 104.06195
    pitch: 18.111176
logoutlocation:
  world: Survival
  x: 1250.4164623920492
  y: 105.10355511506334
  z: 1170.7212999175472
  yaw: 154.0346
  pitch: 48.4035
nickname: Bambusch
