lastAccountName: z_buffer
timestamps:
  login: 1573173409028
  logout: 1573175030925
  lastteleport: 1564315619601
ipAddress: 147.32.114.54
logoutlocation:
  world: Creative
  x: 1865.4508677022088
  y: 6.770066222041675
  z: 27.90292517768233
  yaw: 84.65039
  pitch: 13.65346
geolocation: Czechia
lastlocation:
  world: Spawn
  x: 0.0
  y: 5.0
  z: 0.0
  yaw: 0.0
  pitch: 0.0
afk: false
nickname: Vakot
