lastAccountName: z_buffer
timestamps:
  login: 1563933843538
  logout: 1563934038939
ipAddress: 147.32.114.54
logoutlocation:
  world: Survival
  x: 86.0004526883365
  y: 82.5
  z: -22.860693974351
  yaw: 157.78789
  pitch: 32.214287
