spawns:
  Spawn:
    world: Spawn
    x: 0.500560646821055
    y: 5.0
    z: 0.6369017080429215
    pitch: 0
    yaw: 0
  Survival:
    world: Survival
    x: 1199.5
    y: 81.0
    z: 1548.5
    pitch: 3.7844238
    yaw: 180.6806
